进阶表
阶数：8
起始数：1
增加量：1
起始阶数：0

准第0阶
第1级
(1)  [1:1][1:1]
正第0阶
第1级
(1)(1)  [3:2][1:2]
(1)(1)  [5:2][2:3]
准第1阶
第1级
(1)(2)(1)  [9:4][1:4]
(1)(2)(1)  [13:4][2:5]
(1)(2)(1)  [17:4][3:6]
第2级
(2)(3)(2)  [24:7][1:7]
(2)(3)(2)  [31:7][2:8]
(2)(3)(2)  [38:7][3:9]
正第1阶
第1级
(1)(2)(2)(1)  [44:6][1:10]
(1)(2)(2)(1)  [50:6][2:11]
(1)(2)(2)(1)  [56:6][3:12]
(1)(2)(2)(1)  [62:6][4:13]
第2级
(2)(3)(3)(2)  [72:10][1:14]
(2)(3)(3)(2)  [82:10][2:15]
(2)(3)(3)(2)  [92:10][3:16]
(2)(3)(3)(2)  [102:10][4:17]
准第2阶
第1级
(1)(2)(3)(2)(1)  [111:9][1:18]
(1)(2)(3)(2)(1)  [120:9][2:19]
(1)(2)(3)(2)(1)  [129:9][3:20]
(1)(2)(3)(2)(1)  [138:9][4:21]
(1)(2)(3)(2)(1)  [147:9][5:22]
第2级
(2)(3)(4)(3)(2)  [161:14][1:23]
(2)(3)(4)(3)(2)  [175:14][2:24]
(2)(3)(4)(3)(2)  [189:14][3:25]
(2)(3)(4)(3)(2)  [203:14][4:26]
(2)(3)(4)(3)(2)  [217:14][5:27]
第3级
(3)(4)(5)(4)(3)  [236:19][1:28]
(3)(4)(5)(4)(3)  [255:19][2:29]
(3)(4)(5)(4)(3)  [274:19][3:30]
(3)(4)(5)(4)(3)  [293:19][4:31]
(3)(4)(5)(4)(3)  [312:19][5:32]
正第2阶
第1级
(1)(2)(3)(3)(2)(1)  [324:12][1:33]
(1)(2)(3)(3)(2)(1)  [336:12][2:34]
(1)(2)(3)(3)(2)(1)  [348:12][3:35]
(1)(2)(3)(3)(2)(1)  [360:12][4:36]
(1)(2)(3)(3)(2)(1)  [372:12][5:37]
(1)(2)(3)(3)(2)(1)  [384:12][6:38]
第2级
(2)(3)(4)(4)(3)(2)  [402:18][1:39]
(2)(3)(4)(4)(3)(2)  [420:18][2:40]
(2)(3)(4)(4)(3)(2)  [438:18][3:41]
(2)(3)(4)(4)(3)(2)  [456:18][4:42]
(2)(3)(4)(4)(3)(2)  [474:18][5:43]
(2)(3)(4)(4)(3)(2)  [492:18][6:44]
第3级
(3)(4)(5)(5)(4)(3)  [516:24][1:45]
(3)(4)(5)(5)(4)(3)  [540:24][2:46]
(3)(4)(5)(5)(4)(3)  [564:24][3:47]
(3)(4)(5)(5)(4)(3)  [588:24][4:48]
(3)(4)(5)(5)(4)(3)  [612:24][5:49]
(3)(4)(5)(5)(4)(3)  [636:24][6:50]
准第3阶
第1级
(1)(2)(3)(4)(3)(2)(1)  [652:16][1:51]
(1)(2)(3)(4)(3)(2)(1)  [668:16][2:52]
(1)(2)(3)(4)(3)(2)(1)  [684:16][3:53]
(1)(2)(3)(4)(3)(2)(1)  [700:16][4:54]
(1)(2)(3)(4)(3)(2)(1)  [716:16][5:55]
(1)(2)(3)(4)(3)(2)(1)  [732:16][6:56]
(1)(2)(3)(4)(3)(2)(1)  [748:16][7:57]
第2级
(2)(3)(4)(5)(4)(3)(2)  [771:23][1:58]
(2)(3)(4)(5)(4)(3)(2)  [794:23][2:59]
(2)(3)(4)(5)(4)(3)(2)  [817:23][3:60]
(2)(3)(4)(5)(4)(3)(2)  [840:23][4:61]
(2)(3)(4)(5)(4)(3)(2)  [863:23][5:62]
(2)(3)(4)(5)(4)(3)(2)  [886:23][6:63]
(2)(3)(4)(5)(4)(3)(2)  [909:23][7:64]
第3级
(3)(4)(5)(6)(5)(4)(3)  [939:30][1:65]
(3)(4)(5)(6)(5)(4)(3)  [969:30][2:66]
(3)(4)(5)(6)(5)(4)(3)  [999:30][3:67]
(3)(4)(5)(6)(5)(4)(3)  [1029:30][4:68]
(3)(4)(5)(6)(5)(4)(3)  [1059:30][5:69]
(3)(4)(5)(6)(5)(4)(3)  [1089:30][6:70]
(3)(4)(5)(6)(5)(4)(3)  [1119:30][7:71]
第4级
(4)(5)(6)(7)(6)(5)(4)  [1156:37][1:72]
(4)(5)(6)(7)(6)(5)(4)  [1193:37][2:73]
(4)(5)(6)(7)(6)(5)(4)  [1230:37][3:74]
(4)(5)(6)(7)(6)(5)(4)  [1267:37][4:75]
(4)(5)(6)(7)(6)(5)(4)  [1304:37][5:76]
(4)(5)(6)(7)(6)(5)(4)  [1341:37][6:77]
(4)(5)(6)(7)(6)(5)(4)  [1378:37][7:78]
正第3阶
第1级
(1)(2)(3)(4)(4)(3)(2)(1)  [1398:20][1:79]
(1)(2)(3)(4)(4)(3)(2)(1)  [1418:20][2:80]
(1)(2)(3)(4)(4)(3)(2)(1)  [1438:20][3:81]
(1)(2)(3)(4)(4)(3)(2)(1)  [1458:20][4:82]
(1)(2)(3)(4)(4)(3)(2)(1)  [1478:20][5:83]
(1)(2)(3)(4)(4)(3)(2)(1)  [1498:20][6:84]
(1)(2)(3)(4)(4)(3)(2)(1)  [1518:20][7:85]
(1)(2)(3)(4)(4)(3)(2)(1)  [1538:20][8:86]
第2级
(2)(3)(4)(5)(5)(4)(3)(2)  [1566:28][1:87]
(2)(3)(4)(5)(5)(4)(3)(2)  [1594:28][2:88]
(2)(3)(4)(5)(5)(4)(3)(2)  [1622:28][3:89]
(2)(3)(4)(5)(5)(4)(3)(2)  [1650:28][4:90]
(2)(3)(4)(5)(5)(4)(3)(2)  [1678:28][5:91]
(2)(3)(4)(5)(5)(4)(3)(2)  [1706:28][6:92]
(2)(3)(4)(5)(5)(4)(3)(2)  [1734:28][7:93]
(2)(3)(4)(5)(5)(4)(3)(2)  [1762:28][8:94]
第3级
(3)(4)(5)(6)(6)(5)(4)(3)  [1798:36][1:95]
(3)(4)(5)(6)(6)(5)(4)(3)  [1834:36][2:96]
(3)(4)(5)(6)(6)(5)(4)(3)  [1870:36][3:97]
(3)(4)(5)(6)(6)(5)(4)(3)  [1906:36][4:98]
(3)(4)(5)(6)(6)(5)(4)(3)  [1942:36][5:99]
(3)(4)(5)(6)(6)(5)(4)(3)  [1978:36][6:100]
(3)(4)(5)(6)(6)(5)(4)(3)  [2014:36][7:101]
(3)(4)(5)(6)(6)(5)(4)(3)  [2050:36][8:102]
第4级
(4)(5)(6)(7)(7)(6)(5)(4)  [2094:44][1:103]
(4)(5)(6)(7)(7)(6)(5)(4)  [2138:44][2:104]
(4)(5)(6)(7)(7)(6)(5)(4)  [2182:44][3:105]
(4)(5)(6)(7)(7)(6)(5)(4)  [2226:44][4:106]
(4)(5)(6)(7)(7)(6)(5)(4)  [2270:44][5:107]
(4)(5)(6)(7)(7)(6)(5)(4)  [2314:44][6:108]
(4)(5)(6)(7)(7)(6)(5)(4)  [2358:44][7:109]
(4)(5)(6)(7)(7)(6)(5)(4)  [2402:44][8:110]
